<<<<<<< HEAD
0,388
25,52
25,51
25,50
25,49
25,48
25,47
25,46
25,45
25,44
25,43
25,42
25,41
25,40
25,39
25,38
25,37
25,36
25,35
3,1
3,3
10,34
10,162
10,170
10,30
10,270
10,240
10,64
10,100
11,6
11,8
11,10
9,7
9,6
9,4
8,13
8,12
8,18
8,11
8,16
24,3
24,2
24,1
24,0
20,3
20,2
20,1
19,3
19,2
19,1
17,3
17,2
17,1
16,3
16,2
16,1
15,3
15,2
15,1
14,2
13,2
12,3
12,2
12,1
11,29
11,28
11,27
11,26
11,25
11,24
11,23
11,22
11,21
11,20
11,19
11,15
11,3
11,2
11,1
10,313
10,312
10,311
10,310
10,309
10,308
10,307
=======
60,52
60,51
60,50
60,49
60,48
60,47
60,46
60,45
60,44
60,43
60,42
60,41
60,40
60,39
60,38
60,37
60,36
39,1
39,3
30,4
30,1
30,3
26,1
26,3
60,35
25,1
25,3
36,1
36,3
3,2
3,1
3,3
10,148
10,10
10,98
10,88
10,244
10,168
10,1
10,100
10,2
10,3
11,28
11,18
11,14
11,8
11,24
11,6
11,1
11,10
11,2
11,3
9,7
9,6
9,1
9,4
9,2
9,3
8,7
8,14
8,18
8,11
8,1
8,16
8,2
8,3
0,396
12,2
12,1
12,3
20,2
20,1
20,3
19,2
19,1
19,3
18,1
18,3
59,3
59,2
59,1
59,0
14,3
58,4
58,3
58,2
58,1
13,1
58,0
57,3
57,2
57,1
13,3
57,0
56,3
56,2
56,1
56,0
55,3
55,2
55,1
55,0
>>>>>>> 41a0ecf81594160517b6648a776f14d2c60e4f90
